 75 68 35 36 86 83 30 11 14 59 
 49 62 66 89 53 16 59 19 58 99 
 37 77  5 90 41 15 46 27 38 53 
 97 24 29 70 37 95 83 78 66 19 
 41 58 67 35 33 36 73 70 64 55 
 25 72 59 52 79  4 17 15 69 41 
 12 52 49 53 59 96 72  2 56 66 
 53 46 23 30 11 20 64 81  7 18 
 51 31 21 26 16 92 37 66  2 56 
 97 65 81 32 36  9 35  5 60 29 
 10 11 97 96 33 18 79 46 51 80 
 66 26 81 28 20  1 59 11 70  9 
 44 56 25 36 35 12  2 28 19 22 
 69 28  5 99 31 46 84 26 66 37 
 56 78 61 36 25 16 92 32 29 97 
 16 43 91 36 27 19 49 70 79 68 
 66 49 60 87  9 35 86 80 40 26 
  7  1 88 50 42 51 60 58 21 66 
 35 56 44 99 24 79 78  6 41 23 
 90 42 20 45 98 86  1 13  9 25 
 10 51  4 33 77 26 53 60 15 17 
 12 68 81 66 61 20 28 64 62 44 
 14 79 23 60 16 55 83 45 58 52 
 38 11 15 57 50 47 31 98 33 96 
 57 58 44 15 71 31 22 24 14 48 
 44  4 24 52 21 81 69 38 32 55 
 92 48 63 57 82 29 58  3 31 32 
 88 63 12 31 87 27 21 40  4 26 
 50 25 33 31 26 99  2 95 67 45 
 80 85 86 93 12 35 79 43 95 32 
 24 89 26 13 42 65 20 88 57 64 
  9 81 55 58 34 49 46 71 70 15 
 59 31  3 85 81 20 91 33 16 39 
 11  6 74 83 98 71 26 82 97 84 
 42 24 70 48  3 14 50 17 67  5 
 18 11 66 31 93 88 90  8 39  7 
 33 55  7 62 42 46 58 32 12 65 
 95 27 45 14  7 23 73 22 36 86 
 16 62 77 88 59  6 80 63 99 79 
 13 64 53 78 88 10 39 47 69 81 
  5 49 44 54 38 69 73 71 35 88 
 46 12 17 64 79  8  4 62 37 89 
 68 59  4 90 73 88 28 83 82 64 
 76 13 98 40 54 14 72 71 83 55 
 67 28 87 93  3 22 49 34 43 37 
 24 41 12 39 95 69 16 56 30 15 
 21 15 77 16 94 82 18 23 60 39 
 25 90 68 93 10 60 30 80 82 67 
 60 21 29 41 63 24 98 37 15 54 
 43 29 50 84  5  9 73 49  1 65 
  7 59 53 16  6 49 32  1 64 12 
 23 80 74 19 90 37  7 15 47 21 
 22 29 42 84 33 64 62 58 28 19 
  6 38 14 43 88 62 56 41 91 79 
 79 35 83 80  2 56 34 46 22 33 
 27 60 38 62 32  6 39 94 33 88 
  4  8 60 63 16 52 10 35 79 33 
 46 72 21 59 38 11 53 31 13 99 
 62 54 66 16 51 97 19 77 73 35 
 35 66 37 64 10 90 50 57 46 32 
 14 96 73 41 85  4 74  5 15 55 
 15 28 75 50 60 12 67 71 22 27 
 66 32 99 86 44 58 67 62 30  4 
 84 57 76 95 43 81  2 59  8 63 
 59 45 80 67 35  2 94 41 15 14 
 30 74 44 92 36 13 84 91 96 89 
 11 40 16 75 81 43 86 72 91 54 
 66 67 77 21 87 96 88 81 89  9 
 79 58 53  7 96 14 33 34  1 19 
 97 79 38 41 77  9 99 75 17 93 
 31  9 72 50 46 76 78 77  2 24 
 93 71 62 79 72 30 40 28 82  4 
 13 35 39 25  7 89 41 45 66 20 
 52 78 40 80  8 86 94 68 87  1 
  5  7 91 33 17 69 89 53 25 71 
 35 19 36 47 25  8 15 85 77 95 
 78 36  4 41 48 68 39 80 28 89 
 91 33 48 92 13 49 60 81 45 68 
 22 53 82 48 96 61 27 54 11 21 
  8 21 41 33 72 37 71 66 22 83 
 27 99 71 37 49 90 16 79 76 66 
 42 99 30 13 94 63  3 19 89 29 
 32 71 44 46 90 50 39 87 78  4 
 60 89 66 34 37 57 44 80 54 25 
  1  9 56  7 47  5 30 17 81 36 
 87 17 81 13 21 29 70 65 39 98 
 16 99 66 52 98 85 64 14 36  2 
  2 14 59 25 93 10 30  9 11 80 
 34 93 46 55  1 54 39 67  5 44 
  2 69 96 64  1 19 47  3 17 29 
 86 84 22 70 17 51 34 75 14 72 
 40 13  2  4 58 85 72 19 38 66 
 72 65 42 55 83 10 63 75 79  5 
 15 29 78 36 80 83 62 63 88 21 
 46 19 66 37  5 77 27 55 44 33 
 40 71 18 81 30 97 94 43 77 85 
 18 79 90 17 80 22 99 83 60 69 
 80 63 44 84 32 75 24 97 91 70 
 24 55 98 10 59 35 78 86 72 83 
 34 14 66  5 74 76 30  4 42 35 
 73 83 88 89 49 75  2 94  4 56 
 49  8 64 86 30 83 33 74 19 98 
 93 94 77 84 69 80 63 56 68 70 
 54 84 83 27 18 12 14  4 92 75 
 53 66 18 51  1 72 30 13 21 39 
 18 38  5 40 47 88 75 19 98 81 
 88  3 70 12 84 22 41 77 50 26 
 67  6 40 22 87 80 57 41 39 33 
 65 84 61 45  4 34 44 89 35 75 
  3 70 67  8 59 13 93 99 52 83 
 44 11 15 95 36 88 31 46 28 40 
 99 27 74 32 44 63 35  4 85  1 
 87  8 79 59 40 56 80 82 67 44 
 78 44 69 83 34 39 58 26 87 53 
 89 80 32 56 85 75 63 21 38 64 
 66  5 23 29 97 58 20 48 30 80 
 86 99 26  3 44 75 91 62 48 96 
 46 53 84 64 52 36 43  5 51 72 
 66 96 72 55 62 52 45 41 85 53 
 74 13 12 21  4  9 27 79 85 84 
 24 57 86 44  5 37 11 17 34 49 
 98 35 60 50 21 20 18 84 76 15 
 10 84 46  7 71  9 68 40 88 81 
 99 76 66 81 11 42 44 17  6 21 
 83 64 91 54 59 73 18 20 10 53 
 89  8 18 80 24  7 94 31 93 54 
  2 78 37 93 30 23 56 62 51 52 
 26 55 97 30 36 66 72 73 15 98 
 27  6 16 87 56  1 28 24 83 97 
 24 67 17 27 66 32 36 31 77  3 
 34 38 70 58 41 46 79 64 90 81 
 10  9 39 95 66 14 69 44 73 89 
 51 46 20 45 26 58 36 56 68 50 
  3 84  4 98 57 72 35 37 75 42 
 96 84 52 43 57 12 34  6  7 61 
 63 52 45 17 56 44 41  7 76 68 
 79 97 77 60 93 20 71 53 90 27 
 54 91 30 72 11 98 34 59 17 80 
 53 14 49 35 47 79 82 39 65  1 
 92 20 84 44 78  4 23 22 15 38 
 69  4 96 18 31 56 76 73  2 63 
 36 84 27 91 33 45 29 90 68  1 
 17  8 57  9 23 85 62 33 44 86 
 42 36 23 74 87 46 15 57 21 89 
 47 50 77 89 54 87 94  6 21  2 
 52 23 65 51 72 71 28 41 62 92 
 88 81 42  8 56 85 75 60 46 10 
 28 81 55 69  6 61  8 80 34 74 
 30 17 68 89 84 86  2 85 59 74 
 98 41 62 35 80  4 37 45 48 61 
 75 65 45 66 99 62 69  8 76 53 
 29 91 25 33 96 59 22 56 90 85 
  5 70 13 58 72 17 28 53 73 63 
 38 57 44 92 97 51 53 76 22 13 
 81 86 77  2 51  4 98 85 47 24 
 39 69 49 46 84 62 37 28 12 80 
 45 12 73 64 11 50 78 34 87 53 
 91 89 80 26 37 94 66 20 51 42 
 48 96 58 26 43 22  3 95 52  4 
 12 40 90 73 85 25  8 94 97 95 
 77 72 44 62  7 32 46 73 76 11 
 69 93  2 89 35 21 39 33 84 98 
 64 11 74 16 26 68 22 88 47 14 
 82 69 65  9  4  8 28 91 33 88 
 13 17 85  1 39 53 73 49 75 15 
 62 84 15 89 14  6 61 24 63  8 
 44 66 31 17 88 99 10 95 52 80 
 20  5 61 79 18 42 78 15 58  4 
  1 63 57 93 36  2 11 22 16 74 
 89  5 18 92 64 67 83  6 30 13 
  3 53 67 46 57 93 84 74 18 35 
 64 51 57 83 61 50 98 44 81 80 
 22 54 35 53 21 11 31 71 46 24 
 69 72 51 48 79  7 76 94 52 88 
 23 50 76 67 55 30 81 62 51 27 
  3 77 61 47 74 70 26 81 35 37 
 29 22 69 67 81 70 14 43  5 33 
 72 63 36 17 26 70 38 87 94 56 
 65 34 96 71  1 76 82 69 13  3 
 87 70 67 33 84 51 59 36  7 31 
 69  4 14 26 89 30 93 56 87 61 
 66 49 41 67 17 10 19 83 90  2 
 72 63 47 22 10 45 50 23  3 82 
 23 84 64  4  9 16  8 81 82 27 
 37 73 36 16 46 19 31 55  9 38 
 12 95  3 46 39 66 11 45 93 76 
 24 10 11 46  5 40 23 45 84 88 
  8 58 85 60 22  1 77 86 33 99 
 63 77 32 50  1 48 75 33 73 64 
 79 81 74  6 23 95 29 84 62 12 
 29 19 94 63 57 68  6 96  9 51 
  2 37  8 67 14 76 23 29 93 17 
 46 21 58 99 17 26 16  7 22 84 
 36 93 81 31 35 98 57 76 14 21 
 81 44 83 66  9 32 12  4 94 29 
 19 41 80 11 74 58 47 15 93 81 
 79 74 77 88 84 38 41 36 46 64 
  8 89 96 68 22  2 73 13 25 42 
 67 63 19  3 53 22 11 43 35 15 
 26  8 73 24 56 37 64 67 94 65 
  7 91 79 92 86 64 44 73 38 24 
 65 81 61 69 10 76  3 66 44 46 
 62  8 54 23 21 36 93 26 51 34 
 63  8 26 49 37 10 80 48 83 19 
  8 21  5 15 29  2 48 87 26 13 
 41  1 34 22 18 15 16 66 43 19 
 88 85 76 84 58 97 32 46 93 13 
 69 54 50 57 96 53 43 30 76 17 
 32 37 59 47 72 90 71 23 74  1 
 98 26 32 92 69 53 59 12 45 89 
  4 33 38 84 59 95 80 70 76  3 
 74 82 19  3 99 10 13 15 17 90 
 79 75 20 55 18  6 99 17 62 94 
 24 34 58  4 98  1 87  6 54 42 
 37 29 74 35 52 58 42 98 53 49 
  4 54 14 92 12 21 98 25 19 70 
  1 19 56 72 30 75 55 38 16 11 
 38 28  1 50 10 24 13 31 69 26 
 54 44 11 57 83 94 25 28 97 17 
 20 72 33 25 54 39 34 56 51 27 
 30 16 95 71 10 63 36  2 57 48 
 60 34 77 64 92 54 58 78 33  1 
 76 93 82 50 99 57 92  1 54  3 
